1684656250595 0.09650539606809616 0
1684656251032 0.03381192684173584 1
1684656251445 0.02771255187690258 2
1684656251828 0.025147585198283195 3
1684656252213 0.016264082863926888 4
1684656252598 0.009454003535211086 5
1684656252976 0.008027981035411358 6
1684656253340 0.007178387604653835 7
1684656253731 0.006528183817863464 8
1684656254114 0.006028273608535528 9
1684656254502 0.0056528919376432896 10
1684656254889 0.005373959429562092 11
1684656255280 0.005275649018585682 12
1684656255669 0.005073027219623327 13
1684656256074 0.004957110155373812 14
1684656256461 0.0048734028823673725 15
1684656256833 0.004837091080844402 16
1684656257207 0.004877342376857996 17
1684656257584 0.004744896199554205 18
1684656257977 0.0046827648766338825 19
1684656258931 0.004638744983822107 20
1684656259313 0.004614476580172777 21
1684656259691 0.004578100983053446 22
1684656260045 0.004822435788810253 23
1684656260401 0.004885127302259207 24
1684656260743 0.004617692437022924 25
1684656261121 0.0045425789430737495 26
1684656261509 0.004511019680649042 27
1684656261896 0.0044925278052687645 28
1684656262285 0.004479687660932541 29
1684656262676 0.004467306192964315 30
1684656263067 0.004456696100533009 31
1684656263454 0.004445695783942938 32
1684656263837 0.004436337389051914 33
1684656264221 0.00442780926823616 34
1684656264588 0.004417240619659424 35
1684656264959 0.0044120000675320625 36
1684656265335 0.004403433296829462 37
1684656265721 0.00439620902761817 38
1684656266098 0.004386281594634056 39
1684656267062 0.004393112845718861 40
1684656267442 0.004399118013679981 41
1684656267833 0.004370449110865593 42
1684656268212 0.004361637867987156 43
1684656268572 0.00438223360106349 44
1684656268916 0.004479082766920328 45
1684656269282 0.004370741546154022 46
1684656269665 0.0043552774004638195 47
1684656270018 0.004359832499176264 48
1684656270409 0.004335255827754736 49
1684656270782 0.004324408248066902 50
1684656271181 0.004319498781114817 51
1684656271546 0.00431433180347085 52
1684656271942 0.00431197602301836 53
1684656272319 0.004310552030801773 54
1684656272670 0.004398925229907036 55
1684656273027 0.004390784073621035 56
1684656273372 0.004354310221970081 57
1684656273744 0.004307588562369347 58
1684656274121 0.0042976499535143375 59
1684656275057 0.004287816118448973 60
1684656275421 0.004282631445676088 61
1684656275798 0.004280392546206713 62
1684656276187 0.004275674466043711 63
1684656276555 0.004271939862519503 64
1684656276942 0.004268891643732786 65
1684656277304 0.004269810393452644 66
1684656277654 0.0042827436700463295 67
1684656278034 0.004317971877753735 68
1684656278406 0.004306273069232702 69
1684656278767 0.004420963115990162 70
1684656279112 0.004329647868871689 71
1684656279494 0.004261317662894726 72
1684656279878 0.004253293387591839 73
1684656280263 0.004248719662427902 74
1684656280638 0.004245591815561056 75
1684656281007 0.004244137555360794 76
1684656281383 0.004242454655468464 77
1684656281773 0.004239844623953104 78
1684656282131 0.004249997902661562 79
1684656283054 0.004269305616617203 80
1684656283403 0.00430767796933651 81
1684656283749 0.0043420810252428055 82
1684656284103 0.004292538855224848 83
1684656284448 0.004249433055520058 84
1684656284820 0.00423590000718832 85
1684656285189 0.004228266887366772 86
1684656285560 0.004222789779305458 87
1684656285942 0.004220570437610149 88
1684656286313 0.004216446075588465 89
1684656286698 0.004215623252093792 90
1684656287085 0.004215490072965622 91
1684656287459 0.004211312159895897 92
1684656287830 0.0042105806060135365 93
1684656288213 0.004210180602967739 94
1684656288582 0.0042818691581487656 95
1684656288934 0.004269027151167393 96
1684656289301 0.004309621639549732 97
1684656289642 0.004237673711031675 98
1684656290001 0.004216811619699001 99
